#Res        AtomicFlx
   1.000       0.9192
   2.000       0.6171
   3.000       0.6046
   4.000       0.5383
   5.000       0.5298
   6.000       0.4830
   7.000       0.5016
   8.000       0.5080
   9.000       0.5636
  10.000       0.6589
  11.000       0.6542
  12.000       0.5381
  13.000       0.5483
  14.000       0.5120
  15.000       0.5535
  16.000       0.5566
  17.000       0.5051
  18.000       0.5472
  19.000       0.6025
  20.000       0.5765
  21.000       0.6506
  22.000       0.8200
  23.000       0.9667
  24.000       1.0952
  25.000       1.2753
  26.000       1.4910
  27.000       2.1757
  28.000       3.7511
  29.000       4.3029
  30.000       4.0579
  31.000       3.8205
  32.000       4.6146
  33.000       4.7219
  34.000       3.9671
  35.000       3.6772
  36.000       2.6680
  37.000       1.4080
  38.000       0.7440
  39.000       0.7882
  40.000       0.8784
  41.000       0.8107
  42.000       0.8860
  43.000       0.9043
  44.000       0.8403
  45.000       0.9730
  46.000       1.1176
  47.000       0.9458
  48.000       0.9096
  49.000       0.8103
  50.000       0.7083
  51.000       0.6138
  52.000       0.6047
  53.000       0.5771
  54.000       0.6286
  55.000       0.6332
  56.000       1.1643
  57.000       1.3523
  58.000       1.7982
  59.000       1.6157
  60.000       2.0396
  61.000       1.8093
  62.000       1.2397
  63.000       1.2296
  64.000       1.1884
  65.000       1.2591
  66.000       0.9985
  67.000       0.7108
  68.000       0.8102
  69.000       0.8884
  70.000       0.7744
  71.000       0.7280
  72.000       0.8330
  73.000       0.6784
  74.000       0.5083
  75.000       0.4923
  76.000       0.4293
  77.000       0.4102
  78.000       0.4138
  79.000       0.4226
  80.000       0.4447
  81.000       0.4936
  82.000       0.4982
  83.000       0.6199
  84.000       0.6515
  85.000       0.6434
  86.000       0.6663
  87.000       0.5529
  88.000       0.5145
  89.000       0.6251
  90.000       0.6336
  91.000       0.6028
  92.000       0.6342
  93.000       0.6558
  94.000       0.6063
  95.000       0.5833
  96.000       0.6329
  97.000       0.6190
  98.000       0.5886
  99.000       0.7166
 100.000       0.7768
 101.000       0.7103
 102.000       0.7626
 103.000       1.4213
 104.000       1.4277
 105.000       1.4970
 106.000       1.1237
 107.000       0.6131
 108.000       0.4723
 109.000       0.4672
 110.000       0.4022
 111.000       0.3742
 112.000       0.3762
 113.000       0.4146
 114.000       0.4216
 115.000       0.4900
 116.000       0.5490
 117.000       0.6430
 118.000       0.7278
 119.000       1.0171
 120.000       0.9942
 121.000       0.7325
 122.000       0.6855
 123.000       0.6007
 124.000       0.7743
 125.000       0.7156
 126.000       0.7448
 127.000       0.7317
 128.000       0.5474
 129.000       0.5799
 130.000       0.6779
 131.000       0.6030
 132.000       0.5290
 133.000       0.6560
 134.000       0.7348
 135.000       0.6827
 136.000       0.6838
 137.000       0.5410
 138.000       0.4892
 139.000       0.4496
 140.000       0.4510
 141.000       0.4713
 142.000       0.4560
 143.000       0.4822
 144.000       0.5496
 145.000       0.6246
 146.000       0.6815
 147.000       0.6373
 148.000       0.5990
 149.000       0.5936
 150.000       0.5877
 151.000       0.7876
 152.000       0.5955
 153.000       0.5139
 154.000       0.4927
 155.000       0.4927
 156.000       0.4442
 157.000       0.4206
 158.000       0.4437
 159.000       0.4880
 160.000       0.5082
 161.000       0.4855
 162.000       0.5847
 163.000       0.7895
 164.000       1.2631
 165.000       1.6632
 166.000       2.9884
 167.000       5.0395
