#Res        AtomicFlx
   1.000       0.9721
   2.000       0.5999
   3.000       0.5569
   4.000       0.5114
   5.000       0.5012
   6.000       0.4584
   7.000       0.4481
   8.000       0.4826
   9.000       0.5387
  10.000       0.6684
  11.000       0.6309
  12.000       0.4896
  13.000       0.5510
  14.000       0.5279
  15.000       0.5614
  16.000       0.5676
  17.000       0.5135
  18.000       0.5381
  19.000       0.5906
  20.000       0.6328
  21.000       0.6400
  22.000       0.7382
  23.000       0.9553
  24.000       0.9287
  25.000       1.0184
  26.000       0.9294
  27.000       1.6918
  28.000       2.1371
  29.000       3.1110
  30.000       3.2468
  31.000       2.7945
  32.000       3.6510
  33.000       3.5431
  34.000       2.5811
  35.000       2.2803
  36.000       1.5986
  37.000       1.1493
  38.000       1.0477
  39.000       0.9269
  40.000       0.9201
  41.000       0.8270
  42.000       0.9336
  43.000       0.9740
  44.000       0.9420
  45.000       1.1223
  46.000       1.2437
  47.000       1.0766
  48.000       0.9998
  49.000       0.8551
  50.000       0.7104
  51.000       0.5860
  52.000       0.5436
  53.000       0.5611
  54.000       0.8396
  55.000       0.7728
  56.000       1.5097
  57.000       1.5866
  58.000       1.8182
  59.000       2.0784
  60.000       2.2409
  61.000       1.8697
  62.000       1.1207
  63.000       1.1160
  64.000       1.0509
  65.000       1.1217
  66.000       0.9230
  67.000       0.6734
  68.000       0.7928
  69.000       0.8461
  70.000       0.6976
  71.000       0.6614
  72.000       0.7592
  73.000       0.6250
  74.000       0.4840
  75.000       0.4783
  76.000       0.4129
  77.000       0.3993
  78.000       0.4095
  79.000       0.3881
  80.000       0.3795
  81.000       0.4133
  82.000       0.4079
  83.000       0.5061
  84.000       0.5422
  85.000       0.5452
  86.000       0.5739
  87.000       0.4707
  88.000       0.4365
  89.000       0.5712
  90.000       0.5875
  91.000       0.5492
  92.000       0.5899
  93.000       0.5785
  94.000       0.5572
  95.000       0.5630
  96.000       0.5805
  97.000       0.5595
  98.000       0.5548
  99.000       0.6548
 100.000       0.6933
 101.000       0.6439
 102.000       0.6600
 103.000       0.7908
 104.000       0.8529
 105.000       1.0368
 106.000       0.9943
 107.000       0.5833
 108.000       0.4621
 109.000       0.4650
 110.000       0.3953
 111.000       0.3590
 112.000       0.3535
 113.000       0.3697
 114.000       0.3693
 115.000       0.4180
 116.000       0.4994
 117.000       0.6028
 118.000       0.6468
 119.000       0.9365
 120.000       0.8636
 121.000       0.5917
 122.000       0.5632
 123.000       0.5233
 124.000       0.6905
 125.000       0.6565
 126.000       0.6842
 127.000       0.6647
 128.000       0.5101
 129.000       0.5466
 130.000       0.6328
 131.000       0.5684
 132.000       0.5137
 133.000       0.6330
 134.000       0.7058
 135.000       0.6513
 136.000       0.6586
 137.000       0.5230
 138.000       0.4651
 139.000       0.4167
 140.000       0.4456
 141.000       0.4105
 142.000       0.4214
 143.000       0.4499
 144.000       0.5558
 145.000       0.6099
 146.000       0.6978
 147.000       0.6264
 148.000       0.5809
 149.000       0.5691
 150.000       0.5609
 151.000       0.8083
 152.000       0.5698
 153.000       0.5098
 154.000       0.4743
 155.000       0.4804
 156.000       0.4283
 157.000       0.4031
 158.000       0.4279
 159.000       0.4730
 160.000       0.4928
 161.000       0.4764
 162.000       0.5896
 163.000       0.7352
 164.000       0.8756
 165.000       1.6206
 166.000       2.9845
 167.000       4.6405
