#Res        AtomicFlx
   1.000       1.1276
   2.000       0.7788
   3.000       0.6924
   4.000       0.6043
   5.000       0.6121
   6.000       0.5553
   7.000       0.5255
   8.000       0.5739
   9.000       0.6098
  10.000       0.7552
  11.000       0.8622
  12.000       0.5915
  13.000       0.5868
  14.000       0.5832
  15.000       0.6092
  16.000       0.5897
  17.000       0.5641
  18.000       0.6188
  19.000       0.6281
  20.000       0.6408
  21.000       0.7135
  22.000       0.8061
  23.000       0.9411
  24.000       0.9147
  25.000       1.0257
  26.000       1.0653
  27.000       1.5439
  28.000       3.8085
  29.000       4.1750
  30.000       4.3636
  31.000       4.2677
  32.000       5.3317
  33.000       5.1865
  34.000       4.3320
  35.000       3.8117
  36.000       3.1419
  37.000       2.0524
  38.000       0.9045
  39.000       0.8525
  40.000       0.9482
  41.000       0.8816
  42.000       0.9703
  43.000       1.0183
  44.000       1.1027
  45.000       1.3447
  46.000       1.3804
  47.000       1.2765
  48.000       1.1475
  49.000       0.9971
  50.000       0.7865
  51.000       0.7269
  52.000       0.6589
  53.000       0.6309
  54.000       0.9434
  55.000       0.7361
  56.000       1.2993
  57.000       1.6085
  58.000       2.1474
  59.000       2.4845
  60.000       2.7930
  61.000       3.4577
  62.000       3.0497
  63.000       2.3966
  64.000       2.0227
  65.000       2.0007
  66.000       1.3970
  67.000       1.1451
  68.000       1.1529
  69.000       1.1198
  70.000       0.9427
  71.000       0.9739
  72.000       0.9778
  73.000       0.8239
  74.000       0.6158
  75.000       0.5736
  76.000       0.5010
  77.000       0.4749
  78.000       0.4693
  79.000       0.4681
  80.000       0.4741
  81.000       0.5120
  82.000       0.5085
  83.000       0.6141
  84.000       0.6447
  85.000       0.6452
  86.000       0.6756
  87.000       0.5682
  88.000       0.5417
  89.000       0.6620
  90.000       0.6430
  91.000       0.6236
  92.000       0.7055
  93.000       0.6763
  94.000       0.6370
  95.000       0.6671
  96.000       0.7110
  97.000       0.6935
  98.000       0.7220
  99.000       0.8664
 100.000       0.9289
 101.000       0.9830
 102.000       1.3644
 103.000       1.6028
 104.000       1.4587
 105.000       1.6231
 106.000       1.2743
 107.000       0.7532
 108.000       0.5554
 109.000       0.5310
 110.000       0.4598
 111.000       0.4287
 112.000       0.4118
 113.000       0.4485
 114.000       0.4416
 115.000       0.4966
 116.000       0.5490
 117.000       0.6353
 118.000       0.7039
 119.000       0.9897
 120.000       1.0242
 121.000       0.7176
 122.000       0.6647
 123.000       0.6129
 124.000       0.8199
 125.000       0.7797
 126.000       0.7988
 127.000       0.7766
 128.000       0.6033
 129.000       0.6385
 130.000       0.7261
 131.000       0.6615
 132.000       0.6021
 133.000       0.7148
 134.000       0.7981
 135.000       0.7488
 136.000       0.7424
 137.000       0.6183
 138.000       0.5529
 139.000       0.5087
 140.000       0.5168
 141.000       0.5108
 142.000       0.5092
 143.000       0.5168
 144.000       0.6136
 145.000       0.6535
 146.000       0.7240
 147.000       0.7293
 148.000       0.6705
 149.000       0.7162
 150.000       0.6877
 151.000       0.9288
 152.000       0.6930
 153.000       0.6044
 154.000       0.6184
 155.000       0.6672
 156.000       0.5411
 157.000       0.4823
 158.000       0.5472
 159.000       0.5899
 160.000       0.5709
 161.000       0.5665
 162.000       0.7101
 163.000       0.8452
 164.000       0.9708
 165.000       2.0079
 166.000       3.7847
 167.000       5.6867
