#Res        AtomicFlx
   1.000       1.0487
   2.000       0.6781
   3.000       0.6855
   4.000       0.6414
   5.000       0.6037
   6.000       0.5211
   7.000       0.5846
   8.000       0.6143
   9.000       0.7015
  10.000       0.8879
  11.000       0.7536
  12.000       0.6295
  13.000       0.6277
  14.000       0.5909
  15.000       0.7230
  16.000       0.6628
  17.000       0.6039
  18.000       0.6920
  19.000       0.7387
  20.000       0.6962
  21.000       0.7291
  22.000       0.9253
  23.000       1.1631
  24.000       1.5203
  25.000       1.7298
  26.000       2.2267
  27.000       3.0827
  28.000       3.9606
  29.000       4.5786
  30.000       3.4724
  31.000       2.9951
  32.000       3.6725
  33.000       3.5614
  34.000       2.5802
  35.000       2.2278
  36.000       1.5616
  37.000       0.9677
  38.000       0.8659
  39.000       0.8970
  40.000       0.9407
  41.000       0.8875
  42.000       0.9395
  43.000       0.9753
  44.000       0.9071
  45.000       1.0521
  46.000       1.2091
  47.000       1.0522
  48.000       1.0077
  49.000       0.8952
  50.000       0.8092
  51.000       0.6802
  52.000       0.6738
  53.000       0.6598
  54.000       0.7519
  55.000       0.7977
  56.000       1.4968
  57.000       2.3823
  58.000       3.5206
  59.000       3.3819
  60.000       3.5253
  61.000       3.8868
  62.000       3.5893
  63.000       3.4232
  64.000       3.1804
  65.000       2.9860
  66.000       2.2056
  67.000       1.7558
  68.000       1.5477
  69.000       1.4236
  70.000       1.0108
  71.000       0.9413
  72.000       0.9713
  73.000       0.7304
  74.000       0.5801
  75.000       0.5451
  76.000       0.4948
  77.000       0.4500
  78.000       0.4826
  79.000       0.4698
  80.000       0.4975
  81.000       0.5429
  82.000       0.5523
  83.000       0.6744
  84.000       0.7217
  85.000       0.7422
  86.000       0.7805
  87.000       0.6469
  88.000       0.6144
  89.000       0.7783
  90.000       0.7775
  91.000       0.7639
  92.000       0.8861
  93.000       0.9223
  94.000       0.8096
  95.000       0.7785
  96.000       0.9127
  97.000       0.9219
  98.000       0.7916
  99.000       0.9519
 100.000       1.0885
 101.000       1.0266
 102.000       1.0029
 103.000       1.4659
 104.000       1.4350
 105.000       1.7022
 106.000       1.1886
 107.000       0.7249
 108.000       0.5550
 109.000       0.5147
 110.000       0.4314
 111.000       0.4180
 112.000       0.4028
 113.000       0.4490
 114.000       0.4613
 115.000       0.5334
 116.000       0.5946
 117.000       0.7000
 118.000       0.7678
 119.000       1.0857
 120.000       1.0967
 121.000       0.7740
 122.000       0.7486
 123.000       0.7026
 124.000       0.8894
 125.000       0.8503
 126.000       0.8762
 127.000       0.8491
 128.000       0.6480
 129.000       0.6873
 130.000       0.8076
 131.000       0.7330
 132.000       0.6372
 133.000       0.7775
 134.000       0.8768
 135.000       0.8104
 136.000       0.7881
 137.000       0.6090
 138.000       0.5297
 139.000       0.4873
 140.000       0.4852
 141.000       0.4791
 142.000       0.4953
 143.000       0.5217
 144.000       0.6073
 145.000       0.7100
 146.000       0.7792
 147.000       0.7080
 148.000       0.6801
 149.000       0.6525
 150.000       0.6187
 151.000       0.8356
 152.000       0.6330
 153.000       0.5250
 154.000       0.5248
 155.000       0.5457
 156.000       0.4695
 157.000       0.4385
 158.000       0.4891
 159.000       0.5287
 160.000       0.5419
 161.000       0.5494
 162.000       0.6486
 163.000       0.7931
 164.000       1.1301
 165.000       2.4025
 166.000       4.1872
 167.000       6.0134
