#Res        AtomicFlx
   1.000       0.9541
   2.000       0.6806
   3.000       0.6651
   4.000       0.6129
   5.000       0.5978
   6.000       0.5750
   7.000       0.6584
   8.000       0.7395
   9.000       0.8338
  10.000       1.0029
  11.000       0.9217
  12.000       0.6833
  13.000       0.7143
  14.000       0.6679
  15.000       0.7273
  16.000       0.7473
  17.000       0.6169
  18.000       0.6758
  19.000       0.7390
  20.000       0.7260
  21.000       0.7483
  22.000       0.8643
  23.000       1.0795
  24.000       1.0095
  25.000       1.0743
  26.000       0.9956
  27.000       1.4958
  28.000       1.7613
  29.000       3.3800
  30.000       3.8606
  31.000       4.0143
  32.000       4.8007
  33.000       5.7561
  34.000       4.8244
  35.000       4.5198
  36.000       3.4976
  37.000       2.3299
  38.000       0.8794
  39.000       0.9088
  40.000       0.9233
  41.000       0.8441
  42.000       0.9606
  43.000       1.0620
  44.000       1.0800
  45.000       1.3772
  46.000       1.4280
  47.000       1.2282
  48.000       1.0792
  49.000       0.9048
  50.000       0.7587
  51.000       0.6875
  52.000       0.6625
  53.000       0.6597
  54.000       0.7831
  55.000       1.0158
  56.000       1.2374
  57.000       2.1560
  58.000       3.9199
  59.000       3.5707
  60.000       3.5173
  61.000       3.5519
  62.000       3.6728
  63.000       2.3949
  64.000       2.4174
  65.000       2.3303
  66.000       1.7888
  67.000       1.2856
  68.000       1.2832
  69.000       1.4033
  70.000       1.1190
  71.000       0.9350
  72.000       1.0637
  73.000       0.7600
  74.000       0.6271
  75.000       0.5656
  76.000       0.5196
  77.000       0.4773
  78.000       0.5283
  79.000       0.5124
  80.000       0.5342
  81.000       0.5614
  82.000       0.5636
  83.000       0.7081
  84.000       0.7634
  85.000       0.7571
  86.000       0.8506
  87.000       0.7157
  88.000       0.6438
  89.000       0.8176
  90.000       0.8658
  91.000       0.8755
  92.000       0.9352
  93.000       0.9329
  94.000       0.9131
  95.000       0.9896
  96.000       1.0267
  97.000       0.9490
  98.000       0.9118
  99.000       1.1378
 100.000       1.2118
 101.000       1.1074
 102.000       1.0654
 103.000       1.6186
 104.000       1.7006
 105.000       1.8212
 106.000       1.2903
 107.000       0.7791
 108.000       0.6115
 109.000       0.5664
 110.000       0.4787
 111.000       0.4573
 112.000       0.4355
 113.000       0.4561
 114.000       0.4738
 115.000       0.5703
 116.000       0.6172
 117.000       0.7566
 118.000       0.8581
 119.000       1.1778
 120.000       1.2187
 121.000       0.8392
 122.000       0.7548
 123.000       0.6676
 124.000       0.8788
 125.000       0.8469
 126.000       0.8713
 127.000       0.8464
 128.000       0.6384
 129.000       0.6999
 130.000       0.8287
 131.000       0.7488
 132.000       0.6705
 133.000       0.8439
 134.000       0.9502
 135.000       0.8966
 136.000       0.8931
 137.000       0.6867
 138.000       0.5897
 139.000       0.5224
 140.000       0.5150
 141.000       0.5353
 142.000       0.5185
 143.000       0.5705
 144.000       0.6674
 145.000       0.7554
 146.000       0.8095
 147.000       0.7585
 148.000       0.7004
 149.000       0.6907
 150.000       0.6502
 151.000       0.8100
 152.000       0.6602
 153.000       0.5640
 154.000       0.5576
 155.000       0.5691
 156.000       0.5211
 157.000       0.4790
 158.000       0.5261
 159.000       0.5979
 160.000       0.6171
 161.000       0.6103
 162.000       0.7381
 163.000       0.8986
 164.000       2.4287
 165.000       4.0252
 166.000       5.6629
 167.000       7.4749
