#Res        AtomicFlx
   1.000       1.0892
   2.000       0.7935
   3.000       0.7500
   4.000       0.7086
   5.000       0.7548
   6.000       0.7507
   7.000       0.8014
   8.000       0.7595
   9.000       0.8398
  10.000       0.9918
  11.000       0.8949
  12.000       0.7113
  13.000       0.7339
  14.000       0.7736
  15.000       0.8837
  16.000       0.8313
  17.000       0.7720
  18.000       0.8723
  19.000       0.9009
  20.000       0.8626
  21.000       0.9273
  22.000       1.0711
  23.000       1.1814
  24.000       1.1417
  25.000       1.2028
  26.000       1.0528
  27.000       1.8586
  28.000       2.1880
  29.000       3.4044
  30.000       3.2820
  31.000       4.3633
  32.000       5.4941
  33.000       6.8875
  34.000       6.1838
  35.000       5.8627
  36.000       4.9357
  37.000       4.3269
  38.000       3.3055
  39.000       2.1769
  40.000       1.8149
  41.000       1.2798
  42.000       1.3563
  43.000       1.3694
  44.000       1.2386
  45.000       1.5424
  46.000       1.5819
  47.000       1.4332
  48.000       1.2760
  49.000       1.0499
  50.000       0.9518
  51.000       0.8990
  52.000       0.8713
  53.000       0.9298
  54.000       1.1631
  55.000       1.6306
  56.000       1.8286
  57.000       2.5351
  58.000       3.5332
  59.000       3.8433
  60.000       4.4285
  61.000       3.9256
  62.000       3.4248
  63.000       3.1155
  64.000       2.8865
  65.000       2.6140
  66.000       2.1145
  67.000       1.4868
  68.000       1.4054
  69.000       1.5104
  70.000       1.1335
  71.000       0.9135
  72.000       1.1466
  73.000       0.7948
  74.000       0.6415
  75.000       0.6110
  76.000       0.5905
  77.000       0.5773
  78.000       0.6175
  79.000       0.6100
  80.000       0.5667
  81.000       0.5454
  82.000       0.5077
  83.000       0.6355
  84.000       0.7226
  85.000       0.7716
  86.000       0.8725
  87.000       0.7464
  88.000       0.6856
  89.000       0.9056
  90.000       0.9619
  91.000       0.9496
  92.000       1.0359
  93.000       1.0451
  94.000       0.9872
  95.000       0.9573
  96.000       1.0592
  97.000       1.0665
  98.000       0.9227
  99.000       1.0610
 100.000       1.2012
 101.000       1.1586
 102.000       1.0546
 103.000       1.1991
 104.000       1.2420
 105.000       1.6380
 106.000       1.1814
 107.000       0.7443
 108.000       0.5989
 109.000       0.5687
 110.000       0.4697
 111.000       0.4557
 112.000       0.4323
 113.000       0.4272
 114.000       0.4730
 115.000       0.5408
 116.000       0.5712
 117.000       0.6973
 118.000       0.7523
 119.000       1.0256
 120.000       1.0048
 121.000       0.6981
 122.000       0.7057
 123.000       0.6692
 124.000       0.8478
 125.000       0.8004
 126.000       0.8644
 127.000       0.8478
 128.000       0.6393
 129.000       0.6894
 130.000       0.8482
 131.000       0.7833
 132.000       0.6709
 133.000       0.8343
 134.000       0.9703
 135.000       0.8908
 136.000       0.8467
 137.000       0.6449
 138.000       0.5385
 139.000       0.4823
 140.000       0.4699
 141.000       0.4867
 142.000       0.5316
 143.000       0.5915
 144.000       0.7399
 145.000       0.8148
 146.000       0.8867
 147.000       0.8352
 148.000       0.7395
 149.000       0.7364
 150.000       0.7029
 151.000       0.9087
 152.000       0.6901
 153.000       0.5843
 154.000       0.6281
 155.000       0.6183
 156.000       0.4942
 157.000       0.4719
 158.000       0.5351
 159.000       0.5447
 160.000       0.5443
 161.000       0.5830
 162.000       0.6991
 163.000       0.8516
 164.000       1.4174
 165.000       2.4528
 166.000       3.6455
 167.000       5.3715
