#Res        AtomicFlx
   1.000       0.9115
   2.000       0.5925
   3.000       0.5613
   4.000       0.4975
   5.000       0.4479
   6.000       0.4065
   7.000       0.4009
   8.000       0.4312
   9.000       0.4277
  10.000       0.5882
  11.000       0.4634
  12.000       0.3709
  13.000       0.4080
  14.000       0.3655
  15.000       0.3601
  16.000       0.4075
  17.000       0.3823
  18.000       0.4126
  19.000       0.4447
  20.000       0.4626
  21.000       0.5425
  22.000       0.7417
  23.000       0.9263
  24.000       0.9712
  25.000       0.8393
  26.000       0.6595
  27.000       0.9181
  28.000       1.0052
  29.000       1.0004
  30.000       0.6672
  31.000       0.6567
  32.000       0.5973
  33.000       0.6787
  34.000       0.6889
  35.000       0.6999
  36.000       0.7447
  37.000       0.7811
  38.000       0.5799
  39.000       0.6519
  40.000       0.7832
  41.000       0.7068
  42.000       0.8083
  43.000       0.8390
  44.000       0.8230
  45.000       0.9832
  46.000       1.0975
  47.000       0.9487
  48.000       0.8832
  49.000       0.7733
  50.000       0.6328
  51.000       0.5543
  52.000       0.5137
  53.000       0.4962
  54.000       0.5949
  55.000       0.6256
  56.000       0.7308
  57.000       0.7624
  58.000       1.6318
  59.000       1.4221
  60.000       2.1484
  61.000       2.0982
  62.000       1.5958
  63.000       1.3493
  64.000       1.2169
  65.000       1.2962
  66.000       1.0463
  67.000       0.7001
  68.000       0.8755
  69.000       0.9893
  70.000       0.7589
  71.000       0.6968
  72.000       0.8289
  73.000       0.6238
  74.000       0.5312
  75.000       0.4770
  76.000       0.3926
  77.000       0.3864
  78.000       0.3904
  79.000       0.3492
  80.000       0.3437
  81.000       0.3716
  82.000       0.3702
  83.000       0.4654
  84.000       0.5041
  85.000       0.5091
  86.000       0.5158
  87.000       0.4134
  88.000       0.4072
  89.000       0.5196
  90.000       0.5101
  91.000       0.5082
  92.000       0.5390
  93.000       0.5159
  94.000       0.5020
  95.000       0.5204
  96.000       0.5313
  97.000       0.5085
  98.000       0.5062
  99.000       0.6161
 100.000       0.6600
 101.000       0.6188
 102.000       0.6480
 103.000       0.7791
 104.000       0.8410
 105.000       1.0060
 106.000       1.0057
 107.000       0.5807
 108.000       0.4673
 109.000       0.4649
 110.000       0.4004
 111.000       0.3597
 112.000       0.3365
 113.000       0.3475
 114.000       0.3157
 115.000       0.3763
 116.000       0.4823
 117.000       0.6831
 118.000       0.6532
 119.000       0.9628
 120.000       0.8506
 121.000       0.5451
 122.000       0.5202
 123.000       0.5007
 124.000       0.6828
 125.000       0.6371
 126.000       0.6699
 127.000       0.6608
 128.000       0.5042
 129.000       0.5406
 130.000       0.6219
 131.000       0.5641
 132.000       0.5156
 133.000       0.6215
 134.000       0.6907
 135.000       0.6507
 136.000       0.6564
 137.000       0.5380
 138.000       0.4702
 139.000       0.4183
 140.000       0.4210
 141.000       0.3814
 142.000       0.3745
 143.000       0.3768
 144.000       0.4323
 145.000       0.5164
 146.000       0.6193
 147.000       0.5783
 148.000       0.5526
 149.000       0.5729
 150.000       0.5372
 151.000       0.8250
 152.000       0.5662
 153.000       0.5012
 154.000       0.4623
 155.000       0.4632
 156.000       0.4251
 157.000       0.4026
 158.000       0.4278
 159.000       0.4661
 160.000       0.4865
 161.000       0.4785
 162.000       0.5778
 163.000       0.7467
 164.000       1.1902
 165.000       2.0571
 166.000       3.6812
 167.000       5.5038
