#Res        AtomicFlx
   1.000       0.9570
   2.000       0.6537
   3.000       0.6231
   4.000       0.5821
   5.000       0.5118
   6.000       0.4573
   7.000       0.4487
   8.000       0.5189
   9.000       0.5882
  10.000       0.7354
  11.000       0.7494
  12.000       0.6070
  13.000       0.6175
  14.000       0.5553
  15.000       0.6280
  16.000       0.6721
  17.000       0.5994
  18.000       0.6675
  19.000       0.7214
  20.000       0.6545
  21.000       0.7430
  22.000       1.0046
  23.000       1.2185
  24.000       1.7655
  25.000       2.7712
  26.000       3.9044
  27.000       4.4078
  28.000       5.0549
  29.000       4.7262
  30.000       3.5822
  31.000       3.0382
  32.000       3.6466
  33.000       3.0902
  34.000       2.3535
  35.000       1.9790
  36.000       1.6963
  37.000       0.8178
  38.000       0.7731
  39.000       0.7706
  40.000       0.9134
  41.000       0.8970
  42.000       0.9437
  43.000       0.9683
  44.000       0.8891
  45.000       1.0286
  46.000       1.2012
  47.000       1.0554
  48.000       1.0105
  49.000       0.9027
  50.000       0.7432
  51.000       0.6111
  52.000       0.6084
  53.000       0.5766
  54.000       0.6225
  55.000       0.5852
  56.000       0.8450
  57.000       1.1803
  58.000       2.1453
  59.000       1.7826
  60.000       1.8150
  61.000       1.7826
  62.000       1.1035
  63.000       1.2667
  64.000       1.2715
  65.000       1.3704
  66.000       1.0481
  67.000       0.6620
  68.000       0.8051
  69.000       0.9504
  70.000       0.7915
  71.000       0.6990
  72.000       0.8528
  73.000       0.6822
  74.000       0.5645
  75.000       0.5201
  76.000       0.4239
  77.000       0.4119
  78.000       0.4211
  79.000       0.4385
  80.000       0.4745
  81.000       0.5536
  82.000       0.5780
  83.000       0.7063
  84.000       0.7244
  85.000       0.7205
  86.000       0.7190
  87.000       0.5906
  88.000       0.5660
  89.000       0.6671
  90.000       0.6454
  91.000       0.6246
  92.000       0.6088
  93.000       0.5649
  94.000       0.5285
  95.000       0.5403
  96.000       0.5518
  97.000       0.5072
  98.000       0.5111
  99.000       0.6341
 100.000       0.6549
 101.000       0.6041
 102.000       0.6787
 103.000       0.8227
 104.000       0.9078
 105.000       1.0632
 106.000       1.0512
 107.000       0.6186
 108.000       0.5063
 109.000       0.4690
 110.000       0.4068
 111.000       0.3862
 112.000       0.3997
 113.000       0.4531
 114.000       0.4829
 115.000       0.5785
 116.000       0.6179
 117.000       0.7205
 118.000       0.8109
 119.000       1.1061
 120.000       1.1245
 121.000       0.8135
 122.000       0.7831
 123.000       0.6880
 124.000       0.8500
 125.000       0.7916
 126.000       0.8027
 127.000       0.7876
 128.000       0.5907
 129.000       0.6100
 130.000       0.7156
 131.000       0.6365
 132.000       0.5456
 133.000       0.6865
 134.000       0.7902
 135.000       0.7194
 136.000       0.7040
 137.000       0.5480
 138.000       0.4942
 139.000       0.4574
 140.000       0.4628
 141.000       0.4977
 142.000       0.5450
 143.000       0.5787
 144.000       0.6805
 145.000       0.7390
 146.000       1.0194
 147.000       1.0118
 148.000       1.1811
 149.000       0.7184
 150.000       0.6278
 151.000       0.7735
 152.000       0.6142
 153.000       0.5449
 154.000       0.5324
 155.000       0.5349
 156.000       0.4697
 157.000       0.4516
 158.000       0.5058
 159.000       0.5382
 160.000       0.5429
 161.000       0.5626
 162.000       0.6816
 163.000       0.8235
 164.000       1.2374
 165.000       2.2917
 166.000       4.2417
 167.000       5.9923
