#Res        AtomicFlx
   1.000       1.0468
   2.000       0.6353
   3.000       0.6109
   4.000       0.5897
   5.000       0.5998
   6.000       0.6049
   7.000       0.6740
   8.000       0.7085
   9.000       0.7863
  10.000       0.8702
  11.000       0.9901
  12.000       0.6498
  13.000       0.7541
  14.000       0.7597
  15.000       0.8834
  16.000       0.9068
  17.000       0.7693
  18.000       0.8102
  19.000       0.9100
  20.000       0.9120
  21.000       0.9050
  22.000       1.0076
  23.000       1.3811
  24.000       1.6681
  25.000       1.7060
  26.000       1.5875
  27.000       2.3653
  28.000       2.7503
  29.000       4.3851
  30.000       3.9474
  31.000       4.2624
  32.000       4.5561
  33.000       5.6373
  34.000       4.9762
  35.000       4.4969
  36.000       3.8830
  37.000       2.7082
  38.000       1.0809
  39.000       0.8439
  40.000       0.8445
  41.000       0.8074
  42.000       0.8647
  43.000       0.8986
  44.000       0.8812
  45.000       1.0651
  46.000       1.2113
  47.000       1.0632
  48.000       0.9701
  49.000       0.8472
  50.000       0.7222
  51.000       0.6428
  52.000       0.6358
  53.000       0.7037
  54.000       1.0020
  55.000       1.4370
  56.000       1.4752
  57.000       2.9497
  58.000       3.3789
  59.000       2.2082
  60.000       1.8412
  61.000       2.5724
  62.000       2.3748
  63.000       2.3238
  64.000       2.1317
  65.000       1.9684
  66.000       1.4723
  67.000       1.2077
  68.000       1.1404
  69.000       1.0548
  70.000       0.7505
  71.000       0.7380
  72.000       0.7683
  73.000       0.6639
  74.000       0.5604
  75.000       0.5382
  76.000       0.4932
  77.000       0.4852
  78.000       0.5152
  79.000       0.5115
  80.000       0.5053
  81.000       0.5243
  82.000       0.4933
  83.000       0.6131
  84.000       0.6881
  85.000       0.7166
  86.000       0.8080
  87.000       0.6782
  88.000       0.6171
  89.000       0.8002
  90.000       0.8481
  91.000       0.7252
  92.000       0.8242
  93.000       0.9053
  94.000       0.7981
  95.000       0.7334
  96.000       0.8290
  97.000       0.8290
  98.000       0.7381
  99.000       0.8424
 100.000       0.9246
 101.000       0.8741
 102.000       0.8196
 103.000       0.9534
 104.000       1.0478
 105.000       1.3534
 106.000       1.1099
 107.000       0.6383
 108.000       0.5206
 109.000       0.5019
 110.000       0.4271
 111.000       0.3964
 112.000       0.3906
 113.000       0.3935
 114.000       0.4358
 115.000       0.5058
 116.000       0.5535
 117.000       0.6893
 118.000       0.7473
 119.000       1.0494
 120.000       1.0176
 121.000       0.7308
 122.000       0.6903
 123.000       0.6494
 124.000       0.8706
 125.000       0.8600
 126.000       0.8679
 127.000       0.8309
 128.000       0.6097
 129.000       0.6560
 130.000       0.7881
 131.000       0.7131
 132.000       0.6073
 133.000       0.7586
 134.000       0.8738
 135.000       0.7960
 136.000       0.7634
 137.000       0.5758
 138.000       0.5014
 139.000       0.4579
 140.000       0.4638
 141.000       0.5004
 142.000       0.5328
 143.000       0.5962
 144.000       0.8077
 145.000       0.8616
 146.000       0.8898
 147.000       0.8742
 148.000       0.7825
 149.000       0.7193
 150.000       0.6883
 151.000       0.8815
 152.000       0.6680
 153.000       0.5530
 154.000       0.5901
 155.000       0.5954
 156.000       0.4728
 157.000       0.4455
 158.000       0.5012
 159.000       0.5126
 160.000       0.5031
 161.000       0.5120
 162.000       0.6267
 163.000       0.7646
 164.000       0.9300
 165.000       1.2088
 166.000       2.2393
 167.000       3.9357
